# element i xi w x mat
0 0 -0.99470046749582497 0.01018217227940775 0.0039746493781312731 1
0 1 -0.9722875115366163 0.023345071476992999 0.020784366347537775 1
0 2 -0.93281560119391593 0.035684441880934871 0.05038829910456305 1
0 3 -0.87770220417750155 0.046735864220825249 0.091723346866873834 1
0 4 -0.80893812220132189 0.056098495806216384 0.14329640834900859 1
0 5 -0.72900838882861374 0.063433694773126131 0.20324370837853969 1
0 6 -0.64080177538962946 0.068476280641846493 0.26939866845777793 1
0 7 -0.54750625491881877 0.071043978920650869 0.33937030881088592 1
0 8 -0.45249374508118129 0.071043978920650869 0.41062969118911408 1
0 9 -0.35919822461037054 0.068476280641846493 0.48060133154222207 1
0 10 -0.27099161117138626 0.063433694773126131 0.54675629162146033 1
0 11 -0.19106187779867817 0.056098495806216384 0.60670359165099141 1
0 12 -0.1222977958224985 0.046735864220825249 0.65827665313312611 1
0 13 -0.067184398806084122 0.035684441880934871 0.69961170089543701 1
0 14 -0.0277124884633837 0.023345071476992999 0.72921563365246223 1
0 15 -0.0052995325041750307 0.01018217227940775 0.7460253506218687 1
0 16 0.0013248831260437577 0.0025455430698519375 0.7509936623445328 1
0 17 0.006928122115845925 0.0058362678692482498 0.7551960915868845 1
0 18 0.016796099701521031 0.0089211104702337177 0.7625970747761408 1
0 19 0.030574448955624625 0.011683966055206312 0.77293083671671847 1
0 20 0.047765469449669543 0.014024623951554096 0.78582410208725229 1
0 21 0.067747902792846565 0.015858423693281533 0.80081092709463486 1
0 22 0.089799556152592636 0.017119070160461623 0.81734966711444446 1
0 23 0.11312343627029532 0.017760994730162717 0.83484257720272148 1
0 24 0.13687656372970469 0.017760994730162717 0.85265742279727852 1
0 25 0.16020044384740736 0.017119070160461623 0.87015033288555554 1
0 26 0.18225209720715344 0.015858423693281533 0.88668907290536514 1
0 27 0.20223453055033047 0.014024623951554096 0.90167589791274794 1
0 28 0.21942555104437539 0.011683966055206312 0.91456916328328153 1
0 29 0.23320390029847898 0.0089211104702337177 0.9249029252238592 1
0 30 0.24307187788415408 0.0058362678692482498 0.9323039084131155 1
0 31 0.24867511687395624 0.0025455430698519375 0.9365063376554672 1
0 32 0.25033122078151093 0.00063638576746298438 0.9377484155861332 1
0 33 0.25173203052896148 0.0014590669673120624 0.93879902289672112 1
0 34 0.25419902492538027 0.0022302776175584294 0.9406492686940352 1
0 35 0.25764361223890619 0.0029209915138015781 0.94323270917917956 1
0 36 0.26194136736241741 0.003506155987888524 0.94645602552181307 1
0 37 0.26693697569821162 0.0039646059233203832 0.95020273177365877 1
0 38 0.27244988903814815 0.0042797675401154058 0.95433741677861117 1
0 39 0.27828085906757383 0.0044402486825406793 0.95871064430068031 1
0 40 0.28421914093242617 0.0044402486825406793 0.96316435569931969 1
0 41 0.29005011096185185 0.0042797675401154058 0.96753758322138883 1
0 42 0.29556302430178838 0.0039646059233203832 0.97167226822634123 1
0 43 0.30055863263758265 0.003506155987888524 0.97541897447818693 1
0 44 0.30485638776109386 0.0029209915138015781 0.97864229082082044 1
0 45 0.30830097507461973 0.0022302776175584294 0.9812257313059648 1
0 46 0.31076796947103852 0.0014590669673120624 0.98307597710327888 1
0 47 0.31216877921848907 0.00063638576746298438 0.9841265844138668 1
0 48 0.31258280519537773 0.0001590964418657461 0.98443710389653338 1
0 49 0.31293300763224036 0.00036476674182801561 0.98469975572418023 1
0 50 0.31354975623134507 0.00055756940438960736 0.98516231717350888 1
0 51 0.31441090305972658 0.00073024787845039451 0.98580817729479497 1
0 52 0.31548534184060439 0.00087653899697213099 0.98661400638045338 1
0 53 0.31673424392455291 0.0009911514808300958 0.98755068294341464 1
0 54 0.31811247225953704 0.0010699418850288515 0.98858435419465274 1
0 55 0.31957021476689351 0.0011100621706351698 0.98967766107517008 1
0 56 0.3210547852331066 0.0011100621706351698 0.99079108892483003 1
0 57 0.32251252774046296 0.0010699418850288515 0.99188439580534726 1
0 58 0.32389075607544709 0.0009911514808300958 0.99291806705658536 1
0 59 0.32513965815939566 0.00087653899697213099 0.99385474361954684 1
0 60 0.32621409694027348 0.00073024787845039451 0.99466057270520503 1
0 61 0.32707524376865493 0.00055756940438960736 0.99530643282649112 1
0 62 0.32769199236775964 0.00036476674182801561 0.99576899427581977 1
0 63 0.32804219480462227 0.0001590964418657461 0.99603164610346662 1
0 64 0.32814570129884441 3.9774110466436524e-05 0.99610927597413335 1
0 65 0.32823325190806013 9.1191685457003903e-05 0.99617493893104514 1
0 66 0.32838743905783629 0.00013939235109740184 0.99629057929337717 1
0 67 0.32860272576493166 0.00018256196961259863 0.99645204432369883 1
0 68 0.32887133546015107 0.00021913474924303275 0.99665350159511334 1
0 69 0.32918356098113821 0.00024778787020752395 0.9968876707358536 1
0 70 0.32952811806488425 0.00026748547125721286 0.99714608854866327 1
0 71 0.32989255369172338 0.00027751554265879246 0.99741941526879252 1
0 72 0.33026369630827668 0.00027751554265879246 0.99769777223120759 1
0 73 0.33062813193511575 0.00026748547125721286 0.99797109895133673 1
0 74 0.33097268901886179 0.00024778787020752395 0.9982295167641464 1
0 75 0.33128491453984893 0.00021913474924303275 0.99846368590488666 1
0 76 0.3315535242350684 0.00018256196961259863 0.9986651431763014 1
0 77 0.33176881094216376 0.00013939235109740184 0.99882660820662283 1
0 78 0.33192299809193987 9.1191685457003903e-05 0.99894224856895486 1
0 79 0.33201054870115559 3.9774110466436524e-05 0.99900791152586665 1
0 80 0.33204160064942223 1.9887055233218262e-05 0.99903120048706673 1
0 81 0.33208537595403004 4.5595842728501951e-05 0.99906403196552263 1
0 82 0.33216246952891815 6.969617554870092e-05 0.99912185214668869 1
0 83 0.33227011288246583 9.1280984806299314e-05 0.99920258466184941 1
0 84 0.33240441773007556 0.00010956737462151637 0.99930331329755662 1
0 85 0.33256053049056911 0.00012389393510376198 0.99942039786792691 1
0 86 0.33273280903244212 0.00013374273562860643 0.99954960677433169 1
0 87 0.33291502684586172 0.00013875777132939623 0.99968627013439637 1
0 88 0.33310059815413834 0.00013875777132939623 0.99982544861560374 1
0 89 0.33328281596755788 0.00013374273562860643 0.99996211197566831 1
0 90 0.33345509450943089 0.00012389393510376198 1.0000913208820732 1e-08
0 91 0.33361120726992444 0.00010956737462151637 1.0002084054524434 1e-08
0 92 0.33374551211753423 9.1280984806299314e-05 1.0003091340881505 1e-08
0 93 0.33385315547108185 6.969617554870092e-05 1.0003898666033113 1e-08
0 94 0.33393024904596996 4.5595842728501951e-05 1.0004476867844774 1e-08
0 95 0.33397402435057777 1.9887055233218262e-05 1.0004805182629333 1e-08
0 96 0.33399472564942223 1.9887055233218262e-05 1.0004960442370667 1e-08
0 97 0.33403850095403004 4.5595842728501951e-05 1.0005288757155226 1e-08
0 98 0.33411559452891815 6.969617554870092e-05 1.0005866958966887 1e-08
0 99 0.33422323788246583 9.1280984806299314e-05 1.0006674284118495 1e-08
0 100 0.33435754273007556 0.00010956737462151637 1.0007681570475566 1e-08
0 101 0.33451365549056911 0.00012389393510376198 1.0008852416179268 1e-08
0 102 0.33468593403244212 0.00013374273562860643 1.0010144505243317 1e-08
0 103 0.33486815184586172 0.00013875777132939623 1.0011511138843963 1e-08
0 104 0.33505372315413834 0.00013875777132939623 1.0012902923656037 1e-08
0 105 0.33523594096755788 0.00013374273562860643 1.0014269557256683 1e-08
0 106 0.33540821950943089 0.00012389393510376198 1.0015561646320732 1e-08
0 107 0.33556433226992449 0.00010956737462151637 1.0016732492024434 1e-08
0 108 0.33569863711753417 9.1280984806299314e-05 1.0017739778381505 1e-08
0 109 0.33580628047108185 6.969617554870092e-05 1.0018547103533113 1e-08
0 110 0.33588337404596996 4.5595842728501951e-05 1.0019125305344774 1e-08
0 111 0.33592714935057777 1.9887055233218262e-05 1.0019453620129333 1e-08
0 112 0.33597890259768887 7.9548220932873048e-05 1.0019841769482667 1e-08
0 113 0.33615400381612015 0.00018238337091400781 1.0021155028620901 1e-08
0 114 0.33646237811567253 0.00027878470219480368 1.0023467835867543 1e-08
0 115 0.33689295152986326 0.00036512393922519726 1.0026697136473974 1e-08
0 116 0.3374301709203022 0.0004382694984860655 1.0030726281902267 1e-08
0 117 0.33805462196227642 0.0004955757404150479 1.0035409664717072 1e-08
0 118 0.33874373612976855 0.00053497094251442573 1.0040578020973263 1e-08
0 119 0.33947260738344676 0.00055503108531758491 1.004604455537585 1e-08
0 120 0.3402148926165533 0.00055503108531758491 1.005161169462415 1e-08
0 121 0.34094376387023151 0.00053497094251442573 1.0057078229026737 1e-08
0 122 0.34163287803772358 0.0004955757404150479 1.0062246585282928 1e-08
0 123 0.34225732907969786 0.0004382694984860655 1.0066929968097733 1e-08
0 124 0.34279454847013674 0.00036512393922519726 1.0070959113526026 1e-08
0 125 0.34322512188432747 0.00027878470219480368 1.0074188414132457 1e-08
0 126 0.34353349618387979 0.00018238337091400781 1.0076501221379099 1e-08
0 127 0.34370859740231113 7.9548220932873048e-05 1.0077814480517333 1e-08
0 128 0.34391561039075547 0.00031819288373149219 1.0079367077930665 1e-08
0 129 0.34461601526448071 0.00072953348365603122 1.0084620114483605 1e-08
0 130 0.34584951246269013 0.0011151388087792147 1.0093871343470175 1e-08
0 131 0.3475718061194531 0.001460495756900789 1.0106788545895897 1e-08
0 132 0.34972068368120868 0.001753077993944262 1.0122905127609063 1e-08
0 133 0.35221848784910581 0.0019823029616601916 1.0141638658868293 1e-08
0 134 0.35497494451907408 0.0021398837700577029 1.0162312083893055 1e-08
0 135 0.35789042953378691 0.0022201243412703396 1.0184178221503402 1e-08
0 136 0.36085957046621309 0.0022201243412703396 1.0206446778496598 1e-08
0 137 0.36377505548092592 0.0021398837700577029 1.0228312916106945 1e-08
0 138 0.36653151215089419 0.0019823029616601916 1.0248986341131707 1e-08
0 139 0.36902931631879132 0.001753077993944262 1.0267719872390937 1e-08
0 140 0.3711781938805469 0.001460495756900789 1.0283836454104103 1e-08
0 141 0.37290048753730992 0.0011151388087792147 1.0296753656529825 1e-08
0 142 0.37413398473551929 0.00072953348365603122 1.0306004885516395 1e-08
0 143 0.37483438960924453 0.00031819288373149219 1.0311257922069335 1e-08
0 144 0.37566244156302186 0.0012727715349259688 1.0317468311722664 1e-08
0 145 0.37846406105792296 0.0029181339346241249 1.0338480457934422 1e-08
0 146 0.38339804985076054 0.0044605552351168589 1.0375485373880704 1e-08
0 147 0.39028722447781228 0.0058419830276031561 1.0427154183583591 1e-08
0 148 0.39888273472483482 0.0070123119757770479 1.0491620510436261 1e-08
0 149 0.4088739513964233 0.0079292118466407664 1.0566554635473175 1e-08
0 150 0.4198997780762963 0.0085595350802308116 1.0649248335572223 1e-08
0 151 0.43156171813514765 0.0088804973650813586 1.0736712886013606 1e-08
0 152 0.44343828186485235 0.0088804973650813586 1.0825787113986394 1e-08
0 153 0.4551002219237037 0.0085595350802308116 1.0913251664427777 1e-08
0 154 0.4661260486035767 0.0079292118466407664 1.0995945364526825 1e-08
0 155 0.47611726527516529 0.0070123119757770479 1.1070879489563739 1e-08
0 156 0.48471277552218772 0.0058419830276031561 1.1135345816416409 1e-08
0 157 0.49160195014923952 0.0044605552351168589 1.1187014626119296 1e-08
0 158 0.49653593894207704 0.0029181339346241249 1.1224019542065578 1e-08
0 159 0.49933755843697814 0.0012727715349259688 1.1245031688277336 1e-08
0 160 0.50264976625208746 0.0050910861397038751 1.1269873246890656 1e-08
0 161 0.51385624423169185 0.0116725357384965 1.135392183173769 1e-08
0 162 0.53359219940304214 0.017842220940467435 1.1501941495522816 1e-08
0 163 0.56114889791124933 0.023367932110412624 1.1708616734334369 1e-08
0 164 0.59553093889933906 0.028049247903108192 1.1966482041745043 1e-08
0 165 0.63549580558569319 0.031716847386563066 1.2266218541892699 1e-08
0 166 0.67959911230518522 0.034238140320923247 1.2596993342288889 1e-08
0 167 0.72624687254059062 0.035521989460325434 1.294685154405443 1e-08
0 168 0.77375312745940938 0.035521989460325434 1.330314845594557 1e-08
0 169 0.82040088769481478 0.034238140320923247 1.3653006657711111 1e-08
0 170 0.86450419441430681 0.031716847386563066 1.3983781458107301 1e-08
0 171 0.90446906110066094 0.028049247903108192 1.4283517958254957 1e-08
0 172 0.93885110208875078 0.023367932110412624 1.4541383265665631 1e-08
0 173 0.96640780059695797 0.017842220940467435 1.4748058504477184 1e-08
0 174 0.98614375576830815 0.0116725357384965 1.489607816826231 1e-08
0 175 0.99735023374791254 0.0050910861397038751 1.4980126753109344 1e-08
1 0 -0.99470046749582497 0.01018217227940775 1.5039746493781314 1e-08
1 1 -0.9722875115366163 0.023345071476992999 1.5207843663475378 1e-08
1 2 -0.93281560119391593 0.035684441880934871 1.5503882991045632 1e-08
1 3 -0.87770220417750155 0.046735864220825249 1.5917233468668739 1e-08
1 4 -0.80893812220132189 0.056098495806216384 1.6432964083490085 1e-08
1 5 -0.72900838882861374 0.063433694773126131 1.7032437083785394 1e-08
1 6 -0.64080177538962946 0.068476280641846493 1.769398668457778 1e-08
1 7 -0.54750625491881877 0.071043978920650869 1.8393703088108859 1e-08
1 8 -0.45249374508118129 0.071043978920650869 1.9106296911891141 1e-08
1 9 -0.35919822461037054 0.068476280641846493 1.980601331542222 1e-08
1 10 -0.27099161117138626 0.063433694773126131 2.0467562916214606 1e-08
1 11 -0.19106187779867817 0.056098495806216384 2.1067035916509913 1e-08
1 12 -0.1222977958224985 0.046735864220825249 2.1582766531331261 1e-08
1 13 -0.067184398806084122 0.035684441880934871 2.1996117008954368 1e-08
1 14 -0.0277124884633837 0.023345071476992999 2.229215633652462 1e-08
1 15 -0.0052995325041750307 0.01018217227940775 2.2460253506218688 1e-08
1 16 0.00033122078151093942 0.00063638576746298438 2.2502484155861331 1e-08
1 17 0.0017320305289614812 0.0014590669673120624 2.2512990228967213 1e-08
1 18 0.0041990249253802577 0.0022302776175584294 2.2531492686940351 1e-08
1 19 0.0076436122389061563 0.0029209915138015781 2.2557327091791795 1e-08
1 20 0.011941367362417386 0.003506155987888524 2.2589560255218131 1e-08
1 21 0.016936975698211641 0.0039646059233203832 2.2627027317736585 1e-08
1 22 0.022449889038148159 0.0042797675401154058 2.2668374167786114 1e-08
1 23 0.02828085906757383 0.0044402486825406793 2.2712106443006803 1e-08
1 24 0.034219140932426173 0.0044402486825406793 2.2756643556993197 1e-08
1 25 0.040050110961851841 0.0042797675401154058 2.2800375832213886 1e-08
1 26 0.045563024301788359 0.0039646059233203832 2.2841722682263415 1e-08
1 27 0.050558632637582618 0.003506155987888524 2.2879189744781869 1e-08
1 28 0.054856387761093847 0.0029209915138015781 2.2911422908208205 1e-08
1 29 0.058300975074619746 0.0022302776175584294 2.2937257313059649 1e-08
1 30 0.060767969471038519 0.0014590669673120624 2.2955759771032787 1e-08
1 31 0.062168779218489061 0.00063638576746298438 2.2966265844138669 1e-08
1 32 0.062665610390755466 0.00031819288373149219 2.2969992077930668 1e-08
1 33 0.063366015264480741 0.00072953348365603122 2.2975245114483607 1e-08
1 34 0.064599512462690134 0.0011151388087792147 2.2984496343470173 1e-08
1 35 0.066321806119453083 0.001460495756900789 2.2997413545895897 1e-08
1 36 0.068470683681208705 0.001753077993944262 2.3013530127609068 1e-08
1 37 0.070968487849105824 0.0019823029616601916 2.3032263658868297 1e-08
1 38 0.073724944519074076 0.0021398837700577029 2.3052937083893053 1e-08
1 39 0.076640429533786913 0.0022201243412703396 2.3074803221503402 1e-08
1 40 0.079609570466213087 0.0022201243412703396 2.3097071778496598 1e-08
1 41 0.082525055480925924 0.0021398837700577029 2.3118937916106947 1e-08
1 42 0.08528151215089419 0.0019823029616601916 2.3139611341131707 1e-08
1 43 0.087779316318791309 0.001753077993944262 2.3158344872390932 1e-08
1 44 0.089928193880546917 0.001460495756900789 2.3174461454104103 1e-08
1 45 0.09165048753730988 0.0011151388087792147 2.3187378656529827 1e-08
1 46 0.092883984735519259 0.00072953348365603122 2.3196629885516393 1e-08
1 47 0.093584389609244534 0.00031819288373149219 2.3201882922069332 1e-08
1 48 0.093832805195377733 0.0001590964418657461 2.3203746038965334 1e-08
1 49 0.09418300763224037 0.00036476674182801561 2.3206372557241801 1e-08
1 50 0.094799756231345081 0.00055756940438960736 2.3210998171735091 1e-08
1 51 0.095660903059726535 0.00073024787845039451 2.3217456772947953 1e-08
1 52 0.096735341840604352 0.00087653899697213099 2.3225515063804529 1e-08
1 53 0.097984243924552905 0.0009911514808300958 2.3234881829434144 1e-08
1 54 0.099362472259537038 0.0010699418850288515 2.3245218541946526 1e-08
1 55 0.10082021476689346 0.0011100621706351698 2.3256151610751701 1e-08
1 56 0.10230478523310654 0.0011100621706351698 2.3267285889248299 1e-08
1 57 0.10376252774046296 0.0010699418850288515 2.3278218958053474 1e-08
1 58 0.10514075607544708 0.0009911514808300958 2.3288555670565856 1e-08
1 59 0.10638965815939566 0.00087653899697213099 2.3297922436195471 1e-08
1 60 0.10746409694027347 0.00073024787845039451 2.3305980727052047 1e-08
1 61 0.10832524376865495 0.00055756940438960736 2.3312439328264913 1e-08
1 62 0.10894199236775963 0.00036476674182801561 2.3317064942758199 1e-08
1 63 0.10929219480462227 0.0001590964418657461 2.3319691461034666 1e-08
1 64 0.10938535064942222 1.9887055233218262e-05 2.3320390129870665 1e-08
1 65 0.10942912595403005 4.5595842728501951e-05 2.3320718444655224 1e-08
1 66 0.10950621952891815 6.969617554870092e-05 2.3321296646466889 1e-08
1 67 0.10961386288246582 9.1280984806299314e-05 2.3322103971618495 1e-08
1 68 0.10974816773007554 0.00010956737462151637 2.3323111257975566 1e-08
1 69 0.10990428049056911 0.00012389393510376198 2.3324282103679268 1e-08
1 70 0.11007655903244212 0.00013374273562860643 2.3325574192743317 1e-08
1 71 0.11025877684586169 0.00013875777132939623 2.3326940826343963 1e-08
1 72 0.11044434815413832 0.00013875777132939623 2.3328332611156037 1e-08
1 73 0.11062656596755788 0.00013374273562860643 2.3329699244756683 1e-08
1 74 0.11079884450943089 0.00012389393510376198 2.3330991333820732 1e-08
1 75 0.11095495726992446 0.00010956737462151637 2.3332162179524434 1e-08
1 76 0.11108926211753418 9.1280984806299314e-05 2.3333169465881505 1e-08
1 77 0.11119690547108188 6.969617554870092e-05 2.3333976791033115 1
1 78 0.11127399904596995 4.5595842728501951e-05 2.3334554992844776 1
1 79 0.11131777435057778 1.9887055233218262e-05 2.3334883307629335 1
1 80 0.11133847564942222 1.9887055233218262e-05 2.3335038567370665 1
1 81 0.11138225095403004 4.5595842728501951e-05 2.3335366882155224 1
1 82 0.11145934452891815 6.969617554870092e-05 2.3335945083966889 1
1 83 0.11156698788246583 9.1280984806299314e-05 2.3336752409118495 1
1 84 0.11170129273007555 0.00010956737462151637 2.3337759695475566 1
1 85 0.11185740549056912 0.00012389393510376198 2.3338930541179268 1
1 86 0.11202968403244214 0.00013374273562860643 2.3340222630243317 1
1 87 0.11221190184586169 0.00013875777132939623 2.3341589263843963 1
1 88 0.11239747315413832 0.00013875777132939623 2.3342981048656037 1
1 89 0.11257969096755788 0.00013374273562860643 2.3344347682256683 1
1 90 0.11275196950943088 0.00012389393510376198 2.3345639771320732 1
1 91 0.11290808226992446 0.00010956737462151637 2.3346810617024434 1
1 92 0.11304238711753418 9.1280984806299314e-05 2.3347817903381505 1
1 93 0.11315003047108188 6.969617554870092e-05 2.3348625228533115 1
1 94 0.11322712404596996 4.5595842728501951e-05 2.3349203430344776 1
1 95 0.11327089935057778 1.9887055233218262e-05 2.3349531745129335 1
1 96 0.11330195129884443 3.9774110466436524e-05 2.3349764634741335 1
1 97 0.1133895019080601 9.1191685457003903e-05 2.3350421264310453 1
1 98 0.11354368905783628 0.00013939235109740184 2.3351577667933769 1
1 99 0.11375897576493164 0.00018256196961259863 2.3353192318236986 1
1 100 0.11402758546015108 0.00021913474924303275 2.3355206890951132 1
1 101 0.11433981098113823 0.00024778787020752395 2.3357548582358536 1
1 102 0.11468436806488426 0.00026748547125721286 2.3360132760486634 1
1 103 0.11504880369172338 0.00027751554265879246 2.3362866027687925 1
1 104 0.11541994630827665 0.00027751554265879246 2.3365649597312075 1
1 105 0.11578438193511574 0.00026748547125721286 2.3368382864513366 1
1 106 0.11612893901886177 0.00024778787020752395 2.3370967042641464 1
1 107 0.11644116453984892 0.00021913474924303275 2.3373308734048868 1
1 108 0.11670977423506837 0.00018256196961259863 2.3375323306763014 1
1 109 0.11692506094216375 0.00013939235109740184 2.3376937957066231 1
1 110 0.1170792480919399 9.1191685457003903e-05 2.3378094360689547 1
1 111 0.11716679870115557 3.9774110466436524e-05 2.3378750990258665 1
1 112 0.11722890259768887 7.9548220932873048e-05 2.3379216769482669 1
1 113 0.11740400381612018 0.00018238337091400781 2.3380530028620901 1
1 114 0.11771237811567253 0.00027878470219480368 2.3382842835867543 1
1 115 0.11814295152986329 0.00036512393922519726 2.3386072136473972 1
1 116 0.11868017092030217 0.0004382694984860655 2.3390101281902269 1
1 117 0.11930462196227645 0.0004955757404150479 2.3394784664717072 1
1 118 0.11999373612976852 0.00053497094251442573 2.3399953020973263 1
1 119 0.12072260738344673 0.00055503108531758491 2.340541955537585 1
1 120 0.12146489261655327 0.00055503108531758491 2.341098669462415 1
1 121 0.12219376387023148 0.00053497094251442573 2.3416453229026737 1
1 122 0.12288287803772355 0.0004955757404150479 2.3421621585282928 1
1 123 0.12350732907969783 0.0004382694984860655 2.3426304968097731 1
1 124 0.12404454847013674 0.00036512393922519726 2.3430334113526028 1
1 125 0.12447512188432748 0.00027878470219480368 2.3433563414132452 1
1 126 0.12478349618387982 0.00018238337091400781 2.3435876221379099 1
1 127 0.12495859740231113 7.9548220932873048e-05 2.3437189480517331 1
1 128 0.12566244156302186 0.0012727715349259688 2.3442468311722662 1
1 129 0.12846406105792296 0.0029181339346241249 2.3463480457934418 1
1 130 0.13339804985076054 0.0044605552351168589 2.3500485373880702 1
1 131 0.14028722447781233 0.0058419830276031561 2.3552154183583593 1
1 132 0.14888273472483476 0.0070123119757770479 2.3616620510436261 1
1 133 0.1588739513964233 0.0079292118466407664 2.3691554635473175 1
1 134 0.1698997780762963 0.0085595350802308116 2.3774248335572223 1
1 135 0.18156171813514765 0.0088804973650813586 2.3861712886013606 1
1 136 0.19343828186485235 0.0088804973650813586 2.3950787113986394 1
1 137 0.2051002219237037 0.0085595350802308116 2.4038251664427777 1
1 138 0.2161260486035767 0.0079292118466407664 2.4120945364526825 1
1 139 0.22611726527516524 0.0070123119757770479 2.4195879489563739 1
1 140 0.23471277552218769 0.0058419830276031561 2.4260345816416407 1
1 141 0.24160195014923949 0.0044605552351168589 2.4312014626119298 1
1 142 0.24653593894207704 0.0029181339346241249 2.4349019542065582 1
1 143 0.24933755843697814 0.0012727715349259688 2.4370031688277338 1
1 144 0.25132488312604373 0.0025455430698519375 2.4384936623445328 1
1 145 0.25692812211584592 0.0058362678692482498 2.4426960915868845 1
1 146 0.26679609970152107 0.0089211104702337177 2.4500970747761408 1
1 147 0.28057444895562467 0.011683966055206312 2.4604308367167187 1
1 148 0.29776546944966953 0.014024623951554096 2.4733241020872518 1
1 149 0.31774790279284659 0.015858423693281533 2.4883109270946346 1
1 150 0.33979955615259261 0.017119070160461623 2.5048496671144447 1
1 151 0.36312343627029531 0.017760994730162717 2.5223425772027213 1
1 152 0.38687656372970469 0.017760994730162717 2.5401574227972787 1
1 153 0.41020044384740739 0.017119070160461623 2.5576503328855553 1
1 154 0.43225209720715341 0.015858423693281533 2.5741890729053654 1
1 155 0.45223453055033047 0.014024623951554096 2.5891758979127482 1
1 156 0.46942555104437539 0.011683966055206312 2.6020691632832813 1
1 157 0.48320390029847898 0.0089211104702337177 2.6124029252238592 1
1 158 0.49307187788415408 0.0058362678692482498 2.6198039084131155 1
1 159 0.49867511687395627 0.0025455430698519375 2.6240063376554672 1
1 160 0.50264976625208746 0.0050910861397038751 2.6269873246890656 1
1 161 0.51385624423169185 0.0116725357384965 2.635392183173769 1
1 162 0.53359219940304214 0.017842220940467435 2.6501941495522816 1
1 163 0.56114889791124933 0.023367932110412624 2.6708616734334369 1
1 164 0.59553093889933906 0.028049247903108192 2.6966482041745046 1
1 165 0.63549580558569319 0.031716847386563066 2.7266218541892702 1
1 166 0.67959911230518522 0.034238140320923247 2.7596993342288889 1
1 167 0.72624687254059062 0.035521989460325434 2.794685154405443 1
1 168 0.77375312745940938 0.035521989460325434 2.830314845594557 1
1 169 0.82040088769481478 0.034238140320923247 2.8653006657711111 1
1 170 0.86450419441430681 0.031716847386563066 2.8983781458107298 1
1 171 0.90446906110066094 0.028049247903108192 2.9283517958254954 1
1 172 0.93885110208875078 0.023367932110412624 2.9541383265665631 1
1 173 0.96640780059695797 0.017842220940467435 2.9748058504477184 1
1 174 0.98614375576830815 0.0116725357384965 2.989607816826231 1
1 175 0.99735023374791254 0.0050910861397038751 2.9980126753109344 1
